0	1	16	17
0	2	5
2	3	4	9
0	4	10	22	31	40
0	1	2
0	1	3	9
1	2	5
1	2	10	11
9	10	11	12	14	16	41	43	50	58
0	1	16	17
3	4	6	7	8	9	15	20	29	31	38
4	10
10	13	15	21
3	4	12
0	1	5
0	5	6	8
2	3	4	6	13	19
0	1	2	10
1	2	4	10
9	12	16
2	4	9
0	1	4
0	1	5	11	16	25
6	9	12
6	11	18	21
1	2	5
1	2	7
8	11	15
2	3	4	12	16
1	2	4	6	11	13	18	24	25	38
6	10	17
0	2	3	8	12	13	18	22
2	3	5	13	14	17	23	24	31
0	1	4
0	3	4
9	12	13	14	19	30	33	34
3	4	5	12
2	3	4
1	2	6	14
6	15	16	17
2	4	6	7
0	1	3	7	15
1	2	6
3	4	8	15	27	31	33	36
1	3	4	11	15	18
0	2	3
2	3	14	18
2	3	4	11
6	8	10	12	17	24
0	9	10	12	13	15	21
